

              precision    recall  f1-score   support

           0       0.45      0.28      0.34       534
           1       0.61      0.51      0.56       620
           2       0.73      0.34      0.47       269
           3       0.57      0.23      0.33       569
           4       0.63      0.41      0.50       551
           5       1.00      0.13      0.23        83
           6       0.65      0.73      0.69       557
           7       0.00      0.00      0.00         3
           8       0.00      0.00      0.00         2
           9       0.51      0.55      0.53       546
          10       0.95      0.99      0.97       595
          11       0.49      0.79      0.60       549
          12       0.69      0.47      0.56       270
          13       0.60      0.59      0.60       578
          14       0.63      0.73      0.68       598
          15       0.69      0.70      0.70       557
          16       0.57      0.67      0.62       553
          17       0.51      0.65      0.57      1047
          18       0.52      0.47      0.49       456
          19       0.74      0.72      0.73       556
          20       0.55      0.37      0.44       590
          21       0.59      0.28      0.38       599
          22       0.51      0.77      0.62       606
          23       0.36      0.47      0.41       603
          24       0.69      0.58      0.63       574
          25       0.68      0.52      0.59       556
          26       0.56      0.88      0.68      1265
          27       0.47      0.72      0.57       555
          28       0.47      0.50      0.49       550
          29       0.53      0.30      0.38       570
          30       0.00      0.00      0.00         1
          31       0.61      0.37      0.46       436
          32       0.55      0.25      0.34       552
          33       0.78      0.17      0.27       421
          34       0.47      0.40      0.43       515
          35       0.46      0.18      0.26       536
          36       0.49      0.59      0.54       557
          37       0.43      0.42      0.42       570
          38       0.48      0.65      0.55      1044
          39       0.57      0.79      0.66       560
          40       0.58      0.77      0.66       598

    accuracy                           0.56     21751
   macro avg       0.55      0.49      0.49     21751
weighted avg       0.57      0.56      0.54     21751
